0.69 0.62 0.62 0.57 0.69 0.64 0.71 0.78 0.50 0.47 0.55 0.33 0.33 0.26 0.24 0.26 0.21 0.21 0.26 0.24 0.10 0.12 0.12 -0.02 0.17 0.29 0.17 0.05 0.17 0.17 0.14 -0.81 -2.18 -3.01 -3.01 -2.84 -2.96 -2.58 -2.04 -2.09 -1.85 -1.47 -1.23 -1.14 -0.66 -0.38 -0.33 -0.14 0.29 0.45 0.50 0.40 0.33 0.47 0.29 0.43 0.50 0.62 0.55 0.50 0.55 0.62 0.66 0.66 0.71 0.81 0.78 0.85 0.81 0.90 0.85 0.74 0.71 0.64 0.57 0.45 0.40 0.36 0.21 0.14 0.17 0.14
-0.11 -0.04 -0.07 -0.06 0.04 0.05 0.14 0.24 0.21 0.24 0.06 0.10 0.06 0.00 -0.04 -0.07 -0.16 -0.12 -0.19 -0.19 -0.32 -0.25 -0.22 -0.27 -0.31 -0.29 -0.21 -0.32 -0.05 0.36 -0.05 -0.85 -1.85 -2.52 -2.74 -2.79 -2.38 -2.07 -1.98 -1.87 -1.66 -1.58 -1.28 -1.04 -0.68 -0.37 -0.15 0.08 0.39 0.58 0.66 0.68 0.73 0.77 0.79 0.87 0.92 0.97 1.04 1.07 1.14 1.22 1.25 1.29 1.37 1.35 1.37 1.33 1.30 1.18 1.05 0.97 0.80 0.69 0.55 0.45 0.36 0.25 0.14 0.06 0.00 -0.01
-0.49 -0.46 -0.46 -0.44 -0.40 -0.33 -0.26 -0.22 -0.13 -0.11 -0.24 -0.26 -0.27 -0.31 -0.27 -0.35 -0.29 -0.31 -0.31 -0.33 -0.36 -0.35 -0.36 -0.35 -0.31 -0.31 -0.33 -0.36 -0.31 -0.15 -0.29 -1.04 -2.21 -2.68 -2.65 -2.61 -2.34 -1.81 -1.65 -1.49 -1.25 -1.02 -0.80 -0.47 -0.22 -0.04 0.09 0.29 0.52 0.69 0.74 0.78 0.85 0.87 0.96 0.98 0.99 1.08 1.14 1.21 1.28 1.34 1.37 1.43 1.45 1.48 1.41 1.32 1.27 1.14 0.99 0.92 0.83 0.74 0.63 0.56 0.50 0.47 0.45 0.40 0.41 0.43
-0.35 -0.25 -0.29 -0.24 -0.19 -0.11 -0.07 0.09 0.13 0.09 0.01 -0.04 -0.10 -0.11 -0.21 -0.25 -0.31 -0.29 -0.32 -0.40 -0.45 -0.41 -0.41 -0.39 -0.40 -0.42 -0.44 -0.35 -0.10 -0.12 -0.86 -1.72 -2.18 -2.34 -2.49 -2.33 -1.92 -1.77 -1.77 -1.67 -1.62 -1.38 -1.11 -0.77 -0.45 -0.30 -0.05 0.25 0.53 0.69 0.73 0.76 0.83 0.88 0.93 0.96 1.06 1.10 1.16 1.26 1.29 1.36 1.37 1.42 1.50 1.49 1.41 1.37 1.26 1.15 1.11 0.96 0.81 0.69 0.59 0.48 0.43 0.35 0.31 0.33 0.29 0.30
0.02 0.04 0.00 -0.01 0.00 -0.01 0.12 0.08 0.22 0.25 0.24 0.27 0.29 0.20 0.14 0.09 0.04 -0.09 -0.04 -0.06 -0.06 -0.12 -0.26 -0.22 -0.22 -0.21 -0.20 -0.29 -0.24 -0.17 -0.33 0.05 0.39 -0.05 -1.01 -2.00 -2.54 -2.78 -2.82 -2.42 -2.12 -1.98 -1.84 -1.75 -1.64 -1.30 -1.03 -0.72 -0.34 -0.20 0.08 0.28 0.48 0.57 0.60 0.62 0.66 0.68 0.72 0.77 0.82 0.87 0.94 0.99 1.06 1.14 1.16 1.23 1.28 1.33 1.30 1.31 1.28 1.19 1.07 0.99 0.85 0.70 0.58 0.47 0.33 0.25
-0.34 -0.33 -0.33 -0.33 -0.37 -0.36 -0.36 -0.21 -0.15 -0.11 0.05 0.07 0.05 0.04 -0.05 -0.12 -0.15 -0.24 -0.26 -0.29 -0.30 -0.40 -0.42 -0.46 -0.45 -0.43 -0.46 -0.46 -0.42 -0.45 -0.43 -0.02 0.17 -0.59 -1.41 -2.15 -2.41 -2.66 -2.42 -1.90 -1.72 -1.65 -1.53 -1.43 -1.15 -0.87 -0.58 -0.36 -0.27 0.02 0.27 0.46 0.65 0.67 0.72 0.77 0.78 0.87 0.93 0.99 1.15 1.13 1.27 1.34 1.37 1.47 1.52 1.56 1.56 1.57 1.50 1.37 1.27 1.12 1.00 0.89 0.78 0.68 0.56 0.49 0.37 0.34
0.22 0.24 0.30 0.34 0.42 0.48 0.50 0.36 0.32 0.28 0.22 0.22 0.18 0.12 0.12 0.12 0.10 0.04 0.02 0.02 -0.02 -0.04 -0.04 -0.06 -0.02 -0.08 -0.12 0.04 -0.08 -1.01 -2.29 -3.04 -3.04 -3.04 -2.76 -2.15 -1.91 -1.69 -1.43 -1.23 -0.95 -0.66 -0.36 -0.14 -0.06 0.10 0.38 0.60 0.68 0.70 0.74 0.76 0.80 0.80 0.84 0.91 0.93 0.99 1.09 1.13 1.19 1.25 1.25 1.25 1.19 1.11 0.99 0.91 0.70 0.56 0.46 0.36 0.20 0.10 -0.00 -0.04 -0.16 -0.20 -0.22 -0.24 -0.28 -0.30
-0.57 -0.53 -0.51 -0.47 -0.40 -0.30 -0.24 -0.24 -0.20 -0.28 -0.28 -0.32 -0.38 -0.34 -0.36 -0.32 -0.22 -0.28 -0.26 -0.36 -0.28 -0.30 -0.24 -0.30 -0.22 -0.24 -0.34 -0.20 -0.20 -0.09 -0.20 -0.57 -1.51 -2.39 -2.66 -2.54 -2.35 -2.08 -1.79 -1.79 -1.47 -1.24 -1.09 -0.76 -0.61 -0.26 -0.05 0.03 0.41 0.56 0.81 0.87 0.85 0.83 0.87 0.89 0.93 0.93 1.00 0.98 1.02 1.10 1.14 1.14 1.21 1.25 1.31 1.35 1.31 1.35 1.33 1.21 1.23 1.18 0.96 0.93 0.79 0.73 0.66 0.52 0.52 0.47
0.06 0.08 0.17 0.24 0.28 0.42 0.35 0.33 0.34 0.22 0.13 0.21 0.17 0.13 0.06 0.05 -0.00 -0.06 -0.12 -0.11 -0.13 -0.18 -0.18 -0.10 -0.23 -0.23 -0.23 0.07 0.18 -0.75 -1.92 -2.54 -2.71 -2.87 -2.79 -2.32 -2.07 -1.90 -1.75 -1.63 -1.42 -1.09 -0.77 -0.40 -0.24 0.02 0.21 0.40 0.55 0.58 0.58 0.63 0.72 0.69 0.69 0.75 0.81 0.86 0.92 0.95 1.02 1.06 1.10 1.17 1.23 1.19 1.20 1.19 1.15 1.04 0.93 0.84 0.73 0.63 0.52 0.39 0.28 0.19 0.10 0.02 -0.03 -0.05
0.95 -0.02 -0.02 -0.02 -0.02 -0.03 -0.02 0.00 0.07 0.13 0.17 0.30 0.19 0.16 0.15 0.09 -0.01 0.01 -0.03 -0.08 -0.11 -0.13 -0.17 -0.22 -0.28 -0.27 -0.28 -0.27 -0.28 -0.30 -0.31 -0.34 -0.15 0.04 -0.33 -1.36 -2.17 -2.41 -2.46 -2.47 -2.25 -1.99 -1.89 -1.83 -1.72 -1.63 -1.34 -1.10 -0.79 -0.50 -0.30 0.00 0.31 0.58 0.64 0.67 0.72 0.77 0.82 0.85 0.88 0.93 1.00 1.05 1.13 1.19 1.25 1.31 1.37 1.36 1.41 1.37 1.36 1.26 1.14 1.02 0.88 0.72 0.61 0.47 0.35 0.23
-0.06 -0.06 -0.07 -0.02 0.03 0.10 0.12 0.25 0.26 0.19 0.16 0.12 0.03 0.04 -0.05 -0.06 -0.09 -0.13 -0.17 -0.21 -0.25 -0.25 -0.24 -0.25 -0.28 -0.29 -0.29 -0.28 -0.28 0.03 0.02 -0.82 -1.74 -2.34 -2.53 -2.60 -2.52 -2.19 -1.99 -1.91 -1.77 -1.67 -1.44 -1.14 -0.84 -0.53 -0.32 -0.09 0.19 0.45 0.63 0.73 0.77 0.75 0.79 0.84 0.90 0.92 0.96 1.02 1.11 1.18 1.21 1.25 1.31 1.31 1.34 1.34 1.32 1.24 1.17 1.07 0.92 0.81 0.67 0.58 0.48 0.35 0.27 0.25 0.15 0.09
0.11 0.09 0.09 0.15 0.20 0.26 0.32 0.36 0.20 0.19 0.19 0.09 0.07 0.05 -0.00 0.01 0.01 -0.00 -0.04 -0.10 -0.12 -0.12 -0.14 -0.12 -0.16 -0.16 -0.21 -0.12 0.01 -0.46 -1.45 -2.64 -3.11 -3.11 -3.02 -2.60 -1.94 -1.79 -1.52 -1.18 -1.01 -0.71 -0.44 -0.23 -0.02 0.09 0.30 0.55 0.74 0.77 0.77 0.79 0.85 0.87 0.89 0.92 1.00 1.04 1.08 1.13 1.17 1.21 1.25 1.25 1.23 1.17 1.06 0.94 0.87 0.74 0.58 0.47 0.34 0.24 0.15 0.05 0.01 -0.08 -0.12 -0.04 -0.06 -0.10
0.12 0.11 0.15 0.14 0.12 0.14 0.19 0.21 0.25 0.35 0.43 0.34 0.35 0.33 0.19 0.20 0.10 0.06 0.04 -0.03 -0.02 -0.09 -0.18 -0.18 -0.19 -0.21 -0.22 -0.22 -0.24 -0.27 -0.28 -0.05 0.29 -0.21 -1.34 -2.28 -2.60 -2.66 -2.65 -2.31 -2.05 -1.96 -1.84 -1.75 -1.64 -1.34 -1.03 -0.72 -0.47 -0.26 -0.00 0.28 0.54 0.66 0.71 0.74 0.77 0.82 0.86 0.88 0.95 1.07 1.09 1.14 1.21 1.24 1.27 1.28 1.31 1.31 1.27 1.17 1.07 0.93 0.79 0.65 0.53 0.37 0.24 0.15 -0.02 -0.07
0.21 0.21 0.20 0.20 0.25 0.26 0.37 0.39 0.45 0.46 0.34 0.28 0.16 0.08 0.13 0.11 0.10 0.10 0.06 0.00 -0.08 -0.10 -0.12 -0.12 -0.14 -0.15 -0.14 -0.17 -0.18 -0.21 -0.01 0.25 -0.25 -1.29 -2.12 -2.49 -2.67 -2.74 -2.44 -2.12 -2.01 -1.96 -1.85 -1.76 -1.46 -1.16 -0.79 -0.54 -0.38 -0.10 0.26 0.54 0.62 0.65 0.65 0.68 0.68 0.72 0.74 0.79 0.85 0.88 0.94 1.00 1.02 1.08 1.13 1.16 1.20 1.20 1.22 1.20 1.13 1.06 0.94 0.79 0.65 0.48 0.39 0.21 0.09 -0.01
-0.04 0.00 0.04 0.11 0.18 0.30 0.24 0.21 0.17 0.07 0.06 0.02 -0.03 -0.07 -0.08 -0.09 -0.15 -0.22 -0.25 -0.26 -0.26 -0.25 -0.23 -0.25 -0.28 -0.26 -0.26 0.04 0.10 -0.71 -1.78 -2.36 -2.54 -2.58 -2.43 -2.10 -1.99 -1.92 -1.81 -1.76 -1.59 -1.25 -0.87 -0.58 -0.38 -0.15 0.18 0.47 0.57 0.67 0.69 0.69 0.74 0.76 0.81 0.85 0.88 0.95 1.00 1.05 1.11 1.17 1.24 1.27 1.29 1.33 1.36 1.33 1.27 1.19 1.06 0.95 0.81 0.69 0.57 0.44 0.34 0.22 0.15 0.09 0.03 -0.01
0.02 0.00 0.02 0.06 0.12 0.18 0.23 0.27 0.16 0.12 0.10 0.00 -0.02 -0.02 -0.05 0.00 -0.05 -0.05 -0.09 -0.13 -0.15 -0.13 -0.15 -0.15 -0.15 -0.15 -0.19 -0.13 -0.02 -0.48 -1.65 -2.86 -2.98 -2.92 -2.79 -2.38 -1.96 -1.82 -1.57 -1.29 -1.07 -0.71 -0.42 -0.19 0.00 0.16 0.33 0.60 0.75 0.81 0.83 0.85 0.89 0.93 0.93 0.99 1.04 1.10 1.14 1.18 1.25 1.29 1.27 1.29 1.27 1.22 1.08 0.99 0.83 0.70 0.58 0.49 0.35 0.25 0.16 0.08 0.04 -0.02 -0.07 -0.05 -0.05 -0.07
0.14 0.19 0.15 0.24 0.29 0.40 0.47 0.40 0.35 0.34 0.25 0.31 0.20 0.10 0.06 0.06 0.00 -0.03 -0.10 -0.11 -0.16 -0.15 -0.15 -0.16 -0.17 -0.10 -0.24 -0.11 0.34 0.14 -0.76 -1.74 -2.49 -2.81 -2.93 -2.74 -2.31 -2.13 -1.91 -1.74 -1.60 -1.34 -1.15 -0.74 -0.52 -0.22 -0.02 0.22 0.55 0.53 0.60 0.71 0.72 0.71 0.82 0.73 0.87 0.85 0.97 0.98 1.05 1.16 1.10 1.19 1.24 1.24 1.18 1.21 1.06 0.99 0.90 0.78 0.62 0.47 0.42 0.32 0.20 0.02 0.04 0.00 -0.13 -0.12
0.38 0.38 0.40 0.43 0.45 0.54 0.57 0.66 0.57 0.40 0.45 0.38 0.31 0.28 0.21 0.31 0.28 0.19 0.19 0.12 0.09 0.05 0.05 0.05 0.02 -0.05 -0.02 -0.07 -0.07 0.05 -0.07 -0.85 -2.10 -2.98 -3.03 -2.84 -2.58 -2.39 -2.22 -1.99 -1.70 -1.47 -1.25 -0.90 -0.64 -0.38 -0.24 -0.02 0.26 0.47 0.66 0.71 0.64 0.69 0.66 0.73 0.71 0.71 0.78 0.85 0.88 0.90 0.92 1.02 1.02 1.04 1.06 1.04 1.02 0.95 0.83 0.73 0.59 0.43 0.35 0.21 0.09 -0.05 -0.12 -0.17 -0.28 -0.31
-0.14 -0.12 -0.06 -0.02 0.04 0.02 -0.00 -0.12 -0.10 -0.14 -0.24 -0.20 -0.22 -0.20 -0.18 -0.20 -0.22 -0.28 -0.30 -0.26 -0.26 -0.26 -0.30 -0.24 -0.24 -0.28 -0.20 -0.14 -0.40 -1.15 -2.25 -2.75 -2.79 -2.53 -2.33 -2.04 -1.92 -1.72 -1.44 -1.25 -0.97 -0.65 -0.44 -0.22 -0.04 0.22 0.45 0.71 0.79 0.79 0.79 0.83 0.87 0.83 0.85 0.97 0.99 1.05 1.11 1.15 1.21 1.28 1.36 1.40 1.42 1.36 1.32 1.24 1.17 1.03 0.89 0.81 0.67 0.53 0.39 0.34 0.28 0.12 0.20 0.12 0.08 0.08
0.13 0.11 0.11 0.02 0.07 0.10 0.13 0.08 0.18 0.29 0.37 0.27 0.25 0.23 0.19 0.04 -0.12 0.02 0.08 -0.13 -0.29 -0.28 -0.28 -0.44 -0.39 -0.40 -0.40 -0.36 -0.46 -0.48 -0.36 0.04 -0.19 -1.18 -1.93 -2.27 -2.41 -2.50 -2.33 -2.00 -1.93 -1.84 -1.73 -1.69 -1.39 -1.15 -0.85 -0.53 -0.42 -0.01 0.27 0.45 0.53 0.57 0.61 0.71 0.73 0.79 0.87 0.94 1.01 1.15 1.20 1.20 1.26 1.41 1.41 1.44 1.37 1.47 1.37 1.22 1.15 1.03 0.88 0.76 0.57 0.53 0.44 0.36 0.19 0.14
0.18 0.16 0.16 0.22 0.26 0.28 0.32 0.24 0.20 0.18 0.10 0.06 0.10 0.02 0.04 -0.00 -0.00 -0.00 -0.06 -0.11 -0.06 -0.06 -0.11 -0.09 -0.11 -0.15 -0.15 -0.02 0.02 -0.53 -1.63 -2.70 -3.11 -2.95 -2.83 -2.66 -2.07 -1.85 -1.55 -1.30 -1.10 -0.78 -0.53 -0.31 -0.13 -0.00 0.24 0.44 0.65 0.69 0.69 0.75 0.75 0.79 0.77 0.81 0.91 0.93 0.93 1.03 1.09 1.11 1.17 1.19 1.23 1.23 1.17 1.11 1.01 0.89 0.79 0.69 0.54 0.40 0.28 0.20 0.14 0.06 -0.00 -0.02 -0.04 -0.17
1.87 0.09 0.11 0.13 0.11 0.13 0.13 0.20 0.18 0.25 0.27 0.34 0.32 0.18 0.16 0.09 0.09 0.06 -0.03 0.06 0.04 -0.01 0.02 -0.03 -0.08 -0.03 -0.15 -0.05 -0.03 -0.15 -0.12 -0.12 -0.08 0.06 -0.29 -1.12 -2.26 -2.91 -2.96 -2.70 -2.56 -2.29 -2.12 -1.87 -1.50 -1.29 -1.12 -0.82 -0.57 -0.33 -0.22 0.04 0.37 0.53 0.60 0.62 0.60 0.62 0.62 0.64 0.69 0.74 0.78 0.85 0.90 0.95 1.02 1.11 1.16 1.16 1.16 1.13 1.13 1.04 0.95 0.83 0.71 0.62 0.50 0.39 0.30 0.18
0.25 0.21 0.23 0.23 0.19 0.21 0.25 0.27 0.33 0.35 0.40 0.44 0.31 0.31 0.31 0.21 0.15 0.15 0.11 0.13 0.09 0.11 0.04 -0.04 -0.06 -0.06 -0.08 -0.14 -0.18 -0.21 -0.19 -0.14 -0.12 -0.60 -1.62 -2.76 -3.15 -3.11 -2.98 -2.61 -2.07 -1.89 -1.60 -1.30 -1.16 -0.77 -0.47 -0.23 -0.10 0.08 0.29 0.50 0.58 0.60 0.64 0.65 0.65 0.67 0.73 0.77 0.81 0.89 0.94 1.00 1.00 1.10 1.16 1.14 1.12 1.14 1.08 1.00 0.87 0.77 0.67 0.54 0.40 0.31 0.21 0.09 0.02 -0.06
